date,total_confirmed,total_deaths,total_recovered,total_infected,mortality_rate,recovery_rate,daily_growth_rate
03-13-2020,1.0,1,0,0,100.0,0,1
03-14-2020,1,1,0,1,100.0,0,1.0
03-15-2020,1,1,0,1,100.0,0,1.0
03-16-2020,1,1,0,1,100.0,0,1.0
03-17-2020,1,1,0,1,100.0,0,1.0
03-18-2020,1,1,0,1,100.0,0,1.0
03-19-2020,1,1,0,1,100.0,0,1.0
03-20-2020,1,1,0,1,100.0,0,1.0
03-21-2020,2,1,0,2,50.0,0,2.0
03-22-2020,2,1,0,2,50.0,0,1.0
03-23-2020,2,1,0,2,50.0,0,1.0
03-24-2020,3,1,0,3,33.33,0,1.5
03-25-2020,3,1,0,3,33.33,0,1.0
03-26-2020,3,1,0,3,33.33,0,1.0
03-27-2020,3,1,0,3,33.33,0,1.0
03-28-2020,5,1,0,5,20.0,0,1.6666666666666665
03-29-2020,5,1,0,5,20.0,0,1.0
03-30-2020,6,2,0,6,33.33,0,1.2
03-31-2020,7,2,1,6,28.57,14.29,1.1666666666666667
04-01-2020,7,2,2,5,28.57,28.57,1.0
04-02-2020,7,2,2,5,28.57,28.57,1.0
04-03-2020,10,2,2,8,20.0,20.0,1.4285714285714286
04-04-2020,10,2,2,8,20.0,20.0,1.0
04-05-2020,12,2,2,10,16.67,16.67,1.2
04-06-2020,12,2,2,10,16.67,16.67,1.0
04-07-2020,14,2,2,12,14.29,14.29,1.1666666666666667
04-08-2020,14,2,2,12,14.29,14.29,1.0
04-09-2020,14,2,2,12,14.29,14.29,1.0
04-10-2020,15,2,2,13,13.33,13.33,1.0714285714285714
04-11-2020,19,2,2,17,10.53,10.53,1.2666666666666666
04-12-2020,19,2,2,17,10.53,10.53,1.0
04-13-2020,19,4,4,15,21.05,21.05,1.0
04-14-2020,29,5,4,25,17.24,13.79,1.526315789473684
04-15-2020,32,5,4,28,15.63,12.5,1.103448275862069
04-16-2020,32,5,4,28,15.63,12.5,1.0
04-17-2020,32,6,4,28,18.75,12.5,1.0
04-18-2020,66,10,6,60,15.15,9.09,2.0625
04-19-2020,66,10,6,60,15.15,9.09,1.0
04-20-2020,92,12,8,84,13.04,8.7,1.393939393939394
04-21-2020,107,12,8,99,11.21,7.48,1.1630434782608696
04-22-2020,140,13,12,128,9.29,8.57,1.308411214953271
04-23-2020,162,16,14,148,9.88,8.64,1.157142857142857
04-24-2020,174,16,14,160,9.2,8.05,1.074074074074074
04-25-2020,213,17,19,194,7.98,8.92,1.2241379310344827
04-26-2020,237,21,20,217,8.86,8.44,1.1126760563380282
04-27-2020,275,22,21,254,8.0,7.64,1.160337552742616
04-28-2020,318,25,31,287,7.86,9.75,1.1563636363636363
04-29-2020,375,28,32,343,7.47,8.53,1.179245283018868
04-30-2020,375,31,39,336,8.27,10.4,1.0
05-01-2020,442,36,46,396,8.14,10.41,1.1786666666666668
05-02-2020,533,41,52,481,7.69,9.76,1.2058823529411764
05-03-2020,592,41,52,540,6.93,8.78,1.1106941838649156
05-04-2020,678,41,61,617,6.05,9.0,1.1452702702702702
05-05-2020,778,45,70,708,5.78,9.0,1.1474926253687316
05-06-2020,852,49,80,772,5.75,9.39,1.095115681233933
05-07-2020,930,52,92,838,5.59,9.89,1.091549295774648
05-08-2020,930,59,102,828,6.34,10.97,1.0
05-09-2020,1111,64,119,992,5.76,10.71,1.1946236559139785
05-10-2020,1164,70,149,1015,6.01,12.8,1.0477047704770477
05-11-2020,1365,74,162,1203,5.42,11.87,1.172680412371134
05-12-2020,1526,80,173,1353,5.24,11.34,1.117948717948718
05-13-2020,1660,90,198,1462,5.42,11.93,1.0878112712975099
05-14-2020,1818,90,198,1620,4.95,10.89,1.0951807228915662
05-15-2020,1964,91,205,1759,4.63,10.44,1.0803080308030804
05-16-2020,1964,97,222,1742,4.94,11.3,1.0
05-17-2020,2289,97,222,2067,4.24,9.7,1.165478615071283
05-18-2020,2591,105,247,2344,4.05,9.53,1.1319353429445171
05-19-2020,2591,111,286,2305,4.28,11.04,1.0
05-20-2020,2728,111,286,2442,4.07,10.48,1.052875337707449
05-21-2020,3138,121,309,2829,3.86,9.85,1.150293255131965
05-22-2020,3138,137,372,2766,4.37,11.85,1.0
05-23-2020,3378,146,424,2954,4.32,12.55,1.0764818355640535
05-24-2020,3634,165,458,3176,4.54,12.6,1.0757844878626406
05-25-2020,3826,170,503,3323,4.44,13.15,1.0528343423225097
05-26-2020,3976,170,503,3473,4.28,12.65,1.039205436487193
05-27-2020,4146,195,749,3397,4.7,18.07,1.0427565392354126
05-28-2020,4346,195,749,3597,4.49,17.23,1.0482392667631453
05-29-2020,4346,233,816,3530,5.36,18.78,1.0
05-30-2020,4521,262,1272,3249,5.8,28.14,1.0402669121030832
05-31-2020,4800,286,1423,3377,5.96,29.65,1.06171201061712
06-01-2020,5026,298,1522,3504,5.93,30.28,1.0470833333333334
06-02-2020,5173,307,1625,3548,5.93,31.41,1.0292479108635098
06-03-2020,5310,314,1711,3599,5.91,32.22,1.0264836651846123
06-04-2020,5499,333,1825,3674,6.06,33.19,1.035593220338983
06-05-2020,5714,347,1924,3790,6.07,33.67,1.039098017821422
06-06-2020,5866,359,2014,3852,6.12,34.33,1.0266013300665033
06-07-2020,6081,359,2014,4067,5.9,33.12,1.0366518922604842
06-08-2020,6081,372,2059,4022,6.12,33.86,1.0
06-09-2020,6242,389,2127,4115,6.23,34.08,1.0264759085676698
06-10-2020,6427,401,2202,4225,6.24,34.26,1.0296379365587953
06-11-2020,6582,413,2278,4304,6.27,34.61,1.0241170063793372
06-12-2020,6730,433,2416,4314,6.43,35.9,1.0224855666970525
06-13-2020,6879,447,2556,4323,6.5,37.16,1.0221396731054977
06-14-2020,7007,459,2610,4397,6.55,37.25,1.0186073557203081
06-15-2020,7220,468,2720,4500,6.48,37.67,1.030398173255316
06-16-2020,7435,477,2820,4615,6.42,37.93,1.0297783933518005
06-17-2020,7740,487,2966,4774,6.29,38.32,1.0410221923335574
06-18-2020,8020,487,2966,5054,6.07,36.98,1.0361757105943152
06-19-2020,8020,506,3086,4934,6.31,38.48,1.0
06-20-2020,8416,521,3325,5091,6.19,39.51,1.0493765586034913
06-21-2020,8580,521,3325,5255,6.07,38.75,1.019486692015209
06-22-2020,8698,533,3460,5238,6.13,39.78,1.0137529137529138
06-23-2020,8796,548,3699,5097,6.23,42.05,1.0112669579213613
06-24-2020,8887,548,3699,5188,6.17,41.62,1.0103456116416554
06-25-2020,8887,556,3806,5081,6.26,42.83,1.0
06-26-2020,8982,572,4014,4968,6.37,44.69,1.01068977157646
06-27-2020,9257,572,4014,5243,6.18,43.36,1.0306167891338232
06-28-2020,9314,572,4014,5300,6.14,43.1,1.006157502430593
06-29-2020,9320,572,4014,5306,6.14,43.07,1.0006441915396178
06-30-2020,9372,572,4014,5358,6.1,42.83,1.0055793991416309
07-01-2020,9500,602,4606,4894,6.34,48.48,1.0136577037985488
07-02-2020,9573,602,4606,4967,6.29,48.11,1.0076842105263157
07-03-2020,9689,604,4624,5065,6.23,47.72,1.012117413558968
07-04-2020,9689,608,4673,5016,6.28,48.23,1.0
07-05-2020,9767,608,4673,5094,6.23,47.84,1.0080503663948808
07-06-2020,9767,616,4899,4868,6.31,50.16,1.0
07-07-2020,9894,622,5034,4860,6.29,50.88,1.013002969181939
07-08-2020,9997,636,5074,4923,6.36,50.76,1.010410349706893
07-09-2020,10084,641,5200,4884,6.36,51.57,1.0087026107832349
07-10-2020,10204,649,5277,4927,6.36,51.72,1.011900039666799
07-11-2020,10204,650,5341,4863,6.37,52.34,1.0
07-12-2020,10250,650,5341,4909,6.34,52.11,1.0045080360642886
07-13-2020,10250,657,5403,4847,6.41,52.71,1.0
07-14-2020,10316,659,5579,4737,6.39,54.08,1.006439024390244
07-15-2020,10417,668,5601,4816,6.41,53.77,1.0097906165180301
07-16-2020,10527,668,5601,4926,6.35,53.21,1.010559662090813
07-17-2020,10527,668,5601,4926,6.35,53.21,1.0
07-18-2020,10527,673,5637,4890,6.39,53.55,1.0
07-19-2020,10762,693,5707,5055,6.44,53.03,1.022323548969317
07-20-2020,10992,693,5707,5285,6.3,51.92,1.0213714922876789
07-21-2020,10992,693,5707,5285,6.3,51.92,1.0
07-22-2020,11127,708,5835,5292,6.36,52.44,1.0122816593886463
07-23-2020,11237,708,5835,5402,6.3,51.93,1.0098858632156016
07-24-2020,11302,715,5855,5447,6.33,51.8,1.0057844620450298
07-25-2020,11302,717,5890,5412,6.34,52.11,1.0
07-26-2020,11385,717,5890,5495,6.3,51.73,1.0073438329499205
07-27-2020,11424,720,5939,5485,6.3,51.99,1.003425559947299
07-28-2020,11496,725,6001,5495,6.31,52.2,1.0063025210084033
07-29-2020,11579,725,6001,5578,6.26,51.83,1.0072199025748085
07-30-2020,11579,725,6001,5578,6.26,51.83,1.0
07-31-2020,11579,746,6119,5460,6.44,52.85,1.0
08-01-2020,11644,752,6137,5507,6.46,52.71,1.0056136108472233
08-02-2020,11738,752,6137,5601,6.41,52.28,1.0080728272071453
08-03-2020,11738,752,6137,5601,6.41,52.28,1.0
08-04-2020,11780,763,6194,5586,6.48,52.58,1.0035781223377065
08-05-2020,11780,763,6194,5586,6.48,52.58,1.0
08-06-2020,11850,763,6194,5656,6.44,52.27,1.0059422750424447
08-07-2020,11894,773,6243,5651,6.5,52.49,1.0037130801687764
08-08-2020,11894,773,6243,5651,6.5,52.49,1.0
08-09-2020,11956,781,6266,5690,6.53,52.41,1.005212712291912
08-10-2020,12033,781,6266,5767,6.49,52.07,1.006440281030445
08-11-2020,12033,786,6282,5751,6.53,52.21,1.0
08-12-2020,12115,786,6282,5833,6.49,51.85,1.0068145932020278
08-13-2020,12162,792,6305,5857,6.51,51.84,1.0038794882377218
08-14-2020,12211,793,6325,5886,6.49,51.8,1.0040289426081237
08-15-2020,12314,796,6340,5974,6.46,51.49,1.0084350176070755
08-16-2020,12410,798,6350,6060,6.43,51.17,1.0077960045476693
08-17-2020,12485,803,6385,6100,6.43,51.14,1.0060435132957293
08-18-2020,12546,805,6398,6148,6.42,51.0,1.0048858630356428
08-19-2020,12582,808,6429,6153,6.42,51.1,1.0028694404591105
08-20-2020,12623,812,6456,6167,6.43,51.14,1.0032586234302971
08-21-2020,12682,812,6476,6206,6.4,51.06,1.004674007763606
08-22-2020,12836,815,6492,6344,6.35,50.58,1.0121431950796405
08-23-2020,12903,815,6497,6406,6.32,50.35,1.0052196946089125
08-24-2020,12974,818,6538,6436,6.3,50.39,1.0055025962954351
08-25-2020,12974,819,6557,6417,6.31,50.54,1.0
08-26-2020,13045,819,6557,6488,6.28,50.26,1.0054724834283952
08-27-2020,13082,823,6594,6488,6.29,50.41,1.0028363357608279
08-28-2020,13189,823,6603,6586,6.24,50.06,1.0081791774957958
08-29-2020,13189,823,6612,6577,6.24,50.13,1.0
08-30-2020,13189,823,6612,6577,6.24,50.13,1.0
08-31-2020,13189,823,6612,6577,6.24,50.13,1.0
09-01-2020,13189,823,6612,6577,6.24,50.13,1.0
09-02-2020,13189,823,6612,6577,6.24,50.13,1.0
09-03-2020,13189,823,6612,6577,6.24,50.13,1.0
09-04-2020,13189,823,6612,6577,6.24,50.13,1.0
09-05-2020,13407,832,6725,6682,6.21,50.16,1.0165289256198347
09-06-2020,13437,833,6730,6707,6.2,50.09,1.0022376370552697
09-07-2020,13437,833,6730,6707,6.2,50.09,1.0
09-08-2020,13470,833,6730,6740,6.18,49.96,1.0024559053360125
09-09-2020,13470,833,6730,6740,6.18,49.96,1.0
09-10-2020,13470,833,6730,6740,6.18,49.96,1.0
09-11-2020,13516,834,6731,6785,6.17,49.8,1.0034149962880474
09-12-2020,13532,834,6731,6801,6.16,49.74,1.001183782184078
09-13-2020,13532,835,6757,6775,6.17,49.93,1.0
09-14-2020,13532,836,6759,6773,6.18,49.95,1.0
09-15-2020,13535,836,6759,6776,6.18,49.94,1.0002216967188886
09-16-2020,13535,836,6759,6776,6.18,49.94,1.0
09-17-2020,13535,836,6759,6776,6.18,49.94,1.0
09-18-2020,13555,836,6759,6796,6.17,49.86,1.0014776505356484
09-19-2020,13555,836,6759,6796,6.17,49.86,1.0
09-20-2020,13555,836,6760,6795,6.17,49.87,1.0
09-21-2020,13576,836,6760,6816,6.16,49.79,1.0015492438214681
09-22-2020,13578,836,6760,6818,6.16,49.79,1.0001473187978787
09-23-2020,13578,836,6760,6818,6.16,49.79,1.0
09-24-2020,13592,836,6764,6828,6.15,49.76,1.0010310796877302
09-25-2020,13604,836,6764,6840,6.15,49.72,1.0008828722778105
09-26-2020,13606,836,6764,6842,6.14,49.71,1.0001470155836518
09-27-2020,13610,836,6764,6846,6.14,49.7,1.0002939879464943
09-28-2020,13613,836,6764,6849,6.14,49.69,1.0002204261572374
09-29-2020,13640,836,6764,6876,6.13,49.59,1.0019833982222874
09-30-2020,13646,836,6764,6882,6.13,49.57,1.0004398826979473
10-01-2020,13653,836,6764,6889,6.12,49.54,1.000512970833944
10-02-2020,13657,836,6764,6893,6.12,49.53,1.000292975902732
10-03-2020,13658,836,6764,6894,6.12,49.52,1.0000732225232483
10-04-2020,13660,836,6764,6896,6.12,49.52,1.0001464343242057
10-05-2020,13660,836,6764,6896,6.12,49.52,1.0
10-06-2020,13668,836,6764,6904,6.12,49.49,1.0005856515373353
10-07-2020,13668,836,6764,6904,6.12,49.49,1.0
10-08-2020,13670,836,6764,6906,6.12,49.48,1.0001463271875914
10-09-2020,13673,836,6764,6909,6.11,49.47,1.0002194586686175
10-10-2020,13682,836,6764,6918,6.11,49.44,1.0006582315512325
10-11-2020,13685,836,6764,6921,6.11,49.43,1.0002192661891536
10-12-2020,13691,836,6764,6927,6.11,49.4,1.0004384362440628
10-13-2020,13691,836,6764,6927,6.11,49.4,1.0
10-14-2020,13697,836,6764,6933,6.1,49.38,1.0004382441019648
10-15-2020,13697,836,6764,6933,6.1,49.38,1.0
10-16-2020,13700,836,6764,6936,6.1,49.37,1.0002190260641017
10-17-2020,13700,836,6764,6936,6.1,49.37,1.0
10-18-2020,13711,836,6764,6947,6.1,49.33,1.0008029197080293
10-19-2020,13724,836,6764,6960,6.09,49.29,1.000948143826125
10-20-2020,13724,836,6764,6960,6.09,49.29,1.0
10-21-2020,13728,836,6764,6964,6.09,49.27,1.0002914602156805
10-22-2020,13728,836,6764,6964,6.09,49.27,1.0
10-23-2020,13733,836,6764,6969,6.09,49.25,1.000364219114219
10-24-2020,13733,837,6764,6969,6.09,49.25,1.0
10-25-2020,13742,837,6764,6978,6.09,49.22,1.0006553557125173
10-26-2020,13742,837,6764,6978,6.09,49.22,1.0
10-27-2020,13747,837,6764,6983,6.09,49.2,1.0003638480570514
10-28-2020,13765,837,6764,7001,6.08,49.14,1.0013093765912562
10-29-2020,13777,837,6764,7013,6.08,49.1,1.0008717762440973
10-30-2020,13804,837,6764,7040,6.06,49.0,1.0019597880525513
10-31-2020,13804,837,6764,7040,6.06,49.0,1.0
11-01-2020,13804,837,6764,7040,6.06,49.0,1.0
11-02-2020,13819,837,6764,7055,6.06,48.95,1.001086641553173
11-03-2020,13866,837,6764,7102,6.04,48.78,1.0034011144076995
11-04-2020,13905,837,6764,7141,6.02,48.64,1.0028126352228472
11-05-2020,13996,837,6764,7232,5.98,48.33,1.0065444084861561
11-06-2020,14033,837,6764,7269,5.96,48.2,1.002643612460703
11-07-2020,14090,837,6764,7326,5.94,48.01,1.0040618542008124
11-08-2020,14155,1115,9484,4671,7.88,67.0,1.004613200851668
11-09-2020,14205,1116,9492,4713,7.86,66.82,1.0035323207347226
11-10-2020,14301,1116,9492,4809,7.8,66.37,1.0067581837381203
11-11-2020,14346,1116,9525,4821,7.78,66.39,1.0031466331025802
11-12-2020,14401,1116,9535,4866,7.75,66.21,1.0038338212742228
11-13-2020,14498,1116,9535,4963,7.7,65.77,1.0067356433581
11-14-2020,14626,1116,9535,5091,7.63,65.19,1.0088288039729618
11-15-2020,14728,1116,9571,5157,7.58,64.99,1.0069738821277177
11-16-2020,15047,1119,9581,5466,7.44,63.67,1.0216594242259642
11-17-2020,15153,1175,9609,5544,7.75,63.41,1.007044593606699
11-18-2020,15299,1175,9609,5690,7.68,62.81,1.009635055764535
11-19-2020,15530,1179,9670,5860,7.59,62.27,1.015099026080136
11-20-2020,15839,1185,9682,6157,7.48,61.13,1.019896973599485
11-21-2020,16052,1193,9727,6325,7.43,60.6,1.0134478186754214
11-22-2020,16187,1197,9737,6450,7.39,60.15,1.0084101669573884
11-23-2020,16431,1197,9737,6694,7.29,59.26,1.015073824674121
11-24-2020,16649,1202,9854,6795,7.22,59.19,1.0132676039194206
11-25-2020,16864,1210,9908,6956,7.18,58.75,1.0129136885098204
11-26-2020,17068,1215,9964,7104,7.12,58.38,1.0120967741935485
11-27-2020,17404,1215,9964,7440,6.98,57.25,1.019685962034216
11-28-2020,17627,1235,10175,7452,7.01,57.72,1.0128131464031258
11-29-2020,17810,1235,10175,7635,6.93,57.13,1.010381800646735
11-30-2020,18045,1249,10302,7743,6.92,57.09,1.0131948343627175
12-01-2020,18254,1255,10369,7885,6.88,56.8,1.0115821557218065
12-02-2020,18535,1265,10493,8042,6.82,56.61,1.0153938862715022
12-03-2020,18884,1271,10672,8212,6.73,56.51,1.0188292419746425
12-04-2020,19196,1271,10672,8524,6.62,55.59,1.0165219233213303
12-05-2020,19468,1290,10942,8526,6.63,56.21,1.0141696186705564
12-06-2020,19747,1295,11021,8726,6.56,55.81,1.0143312101910829
12-07-2020,20084,1301,11184,8900,6.48,55.69,1.0170658834253303
12-08-2020,20296,1301,11184,9112,6.41,55.1,1.0105556662019517
12-09-2020,20468,1307,11344,9124,6.39,55.42,1.0084745762711864
12-10-2020,20844,1319,11673,9171,6.33,56.0,1.0183701387531756
12-11-2020,21147,1340,11855,9292,6.34,56.06,1.0145365572826712
12-12-2020,21386,1344,12227,9159,6.28,57.17,1.0113018395044215
12-13-2020,21591,1347,12313,9278,6.24,57.03,1.009585710277752
12-14-2020,21864,1355,12452,9412,6.2,56.95,1.0126441572877587
12-15-2020,22082,1372,12667,9415,6.21,57.36,1.0099707281375778
12-16-2020,22265,1384,12753,9512,6.22,57.28,1.0082872928176796
12-17-2020,22621,1408,12873,9748,6.22,56.91,1.015989220750056
12-18-2020,22823,1408,12873,9950,6.17,56.4,1.0089297555368906
12-19-2020,22990,1425,13024,9966,6.2,56.65,1.0073171800376812
12-20-2020,23100,1434,13171,9929,6.21,57.02,1.0047846889952152
12-21-2020,23316,1450,13260,10056,6.22,56.87,1.0093506493506494
12-22-2020,23572,1468,13524,10048,6.23,57.37,1.0109795848344485
12-23-2020,23846,1468,13524,10322,6.16,56.71,1.0116239606312574
12-24-2020,24058,1468,13524,10534,6.1,56.21,1.0088903799379352
12-25-2020,24341,1468,13524,10817,6.03,55.56,1.0117632388394713
12-26-2020,24588,1468,13524,11064,5.97,55.0,1.0101474877778234
12-27-2020,24694,1468,13524,11170,5.94,54.77,1.0043110460387181
12-28-2020,24888,1468,13524,11364,5.9,54.34,1.0078561593909452
12-29-2020,25060,1468,13524,11536,5.86,53.97,1.0069109611057538
12-30-2020,25238,1468,13524,11714,5.82,53.59,1.0071029529130089
12-31-2020,25500,1468,13524,11976,5.76,53.04,1.0103811712497028
01-01-2021,25730,1468,13524,12206,5.71,52.56,1.0090196078431373
01-02-2021,25882,1468,13524,12358,5.67,52.25,1.0059075009716285
01-03-2021,26039,1468,13524,12515,5.64,51.94,1.0060659918089792
01-04-2021,26279,1468,13524,12755,5.59,51.46,1.0092169438150467
01-05-2021,26279,1468,13524,12755,5.59,51.46,1.0
01-06-2021,26279,1468,13524,12755,5.59,51.46,1.0
01-07-2021,26279,1468,13524,12755,5.59,51.46,1.0
01-08-2021,26279,1468,13524,12755,5.59,51.46,1.0
01-09-2021,26279,1468,13524,12755,5.59,51.46,1.0
01-10-2021,27494,1468,13524,13970,5.34,49.19,1.0462346360211576
01-11-2021,27619,1468,13524,14095,5.32,48.97,1.0045464464974176
01-12-2021,27768,1468,13524,14244,5.29,48.7,1.0053948368876497
01-13-2021,27827,1576,15240,12587,5.66,54.77,1.0021247479112647
01-14-2021,27969,1576,15240,12729,5.63,54.49,1.005102957559205
01-15-2021,28097,1576,15240,12857,5.61,54.24,1.0045764954056278
01-16-2021,28179,1576,15240,12939,5.59,54.08,1.0029184610456632
01-17-2021,28233,1603,15688,12545,5.68,55.57,1.0019163206643245
01-18-2021,28317,1603,15688,12629,5.66,55.4,1.0029752417383913
01-19-2021,28450,1603,15688,12762,5.63,55.14,1.0046968252286612
01-20-2021,28522,1603,15688,12834,5.62,55.0,1.002530755711775
01-21-2021,28522,1603,15688,12834,5.62,55.0,1.0
01-22-2021,28522,1603,15688,12834,5.62,55.0,1.0
01-23-2021,28522,1603,15688,12834,5.62,55.0,1.0
01-24-2021,28522,1603,15688,12834,5.62,55.0,1.0
01-25-2021,28522,1738,19884,8638,6.09,69.71,1.0
01-26-2021,28522,1750,20680,7842,6.14,72.51,1.0
01-27-2021,28994,1760,20936,8058,6.07,72.21,1.016548629128392
01-28-2021,29066,1798,21155,7911,6.19,72.78,1.0024832724011865
01-29-2021,29291,1798,21155,8136,6.14,72.22,1.007741003234019
01-30-2021,29291,1804,21300,7991,6.16,72.72,1.0
01-31-2021,29380,1807,21410,7970,6.15,72.87,1.0030384759823836
02-01-2021,29449,1812,21504,7945,6.15,73.02,1.002348536419333
02-02-2021,29488,1829,21614,7874,6.2,73.3,1.0013243234065672
02-03-2021,29536,1830,21695,7841,6.2,73.45,1.0016277807921867
02-04-2021,29577,1831,21794,7783,6.19,73.69,1.001388136511376
02-05-2021,29634,1831,21794,7840,6.18,73.54,1.0019271731412922
02-06-2021,29634,1831,21794,7840,6.18,73.54,1.0
02-07-2021,29634,1835,21986,7648,6.19,74.19,1.0
02-08-2021,29765,1835,22052,7713,6.16,74.09,1.0044205979618006
02-09-2021,29851,1835,22052,7799,6.15,73.87,1.0028892995128507
02-10-2021,29851,1849,22208,7643,6.19,74.4,1.0
02-11-2021,29933,1849,22208,7725,6.18,74.19,1.0027469766506985
02-12-2021,29933,1849,22208,7725,6.18,74.19,1.0
02-13-2021,29933,1849,22208,7725,6.18,74.19,1.0
02-14-2021,29933,1849,22208,7725,6.18,74.19,1.0
02-15-2021,29933,1858,22485,7448,6.21,75.12,1.0
02-16-2021,30052,1863,22523,7529,6.2,74.95,1.0039755453846926
02-17-2021,30078,1864,22606,7472,6.2,75.16,1.0008651670437907
02-18-2021,30115,1864,22638,7477,6.19,75.17,1.0012301349823791
02-19-2021,30128,1864,22638,7490,6.19,75.14,1.000431678565499
02-20-2021,30128,1864,22638,7490,6.19,75.14,1.0
02-21-2021,30128,1864,22638,7490,6.19,75.14,1.0
02-22-2021,30128,1871,22797,7331,6.21,75.67,1.0
02-23-2021,30205,1876,22823,7382,6.21,75.56,1.0025557620817844
02-24-2021,30236,1876,22823,7413,6.2,75.48,1.0010263201456713
02-25-2021,30236,1878,22844,7392,6.21,75.55,1.0
02-26-2021,30284,1878,22863,7421,6.2,75.5,1.0015875115756052
02-27-2021,30316,1880,22887,7429,6.2,75.49,1.001056663584731
02-28-2021,30347,1880,22907,7440,6.2,75.48,1.001022562343317
03-01-2021,30364,1890,22975,7389,6.22,75.67,1.0005601871684187
03-02-2021,30417,1895,23084,7333,6.23,75.89,1.001745488077987
03-03-2021,30479,1895,23084,7395,6.22,75.74,1.0020383338264787
03-04-2021,30479,1895,23084,7395,6.22,75.74,1.0
03-05-2021,30479,1895,23084,7395,6.22,75.74,1.0
03-06-2021,30479,1895,23156,7323,6.22,75.97,1.0
03-07-2021,30540,1895,23156,7384,6.2,75.82,1.0020013779979657
03-08-2021,30540,1915,23268,7272,6.27,76.19,1.0
03-09-2021,30686,1915,23268,7418,6.24,75.83,1.0047806155861165
03-10-2021,30686,1915,23268,7418,6.24,75.83,1.0
03-11-2021,30686,1940,23397,7289,6.32,76.25,1.0
03-12-2021,30873,1940,23397,7476,6.28,75.78,1.0060939842273349
03-13-2021,30873,1940,23397,7476,6.28,75.78,1.0
03-14-2021,30873,1940,23397,7476,6.28,75.78,1.0
03-15-2021,30873,1959,23583,7290,6.35,76.39,1.0
03-16-2021,30989,1959,23583,7406,6.32,76.1,1.0037573284099375
03-17-2021,30989,1959,23583,7406,6.32,76.1,1.0
03-18-2021,30989,1959,23583,7406,6.32,76.1,1.0
03-19-2021,30989,1959,23583,7406,6.32,76.1,1.0
03-20-2021,30989,1959,23583,7406,6.32,76.1,1.0
03-21-2021,30989,1986,23725,7264,6.41,76.56,1.0
03-22-2021,31147,1986,23725,7422,6.38,76.17,1.005098583368292
03-23-2021,31147,2003,23858,7289,6.43,76.6,1.0
03-24-2021,31282,2028,23990,7292,6.48,76.69,1.0043342858060167
03-25-2021,31407,2028,23990,7417,6.46,76.38,1.0039959081900134
03-26-2021,31407,2028,23990,7417,6.46,76.38,1.0
03-27-2021,31407,2028,23990,7417,6.46,76.38,1.0
03-28-2021,31407,2028,23990,7417,6.46,76.38,1.0
03-29-2021,31407,2028,23990,7417,6.46,76.38,1.0
03-30-2021,31407,2041,24079,7328,6.5,76.67,1.0
03-31-2021,31833,2063,24214,7619,6.48,76.07,1.0135638551915178
04-01-2021,31833,2063,24214,7619,6.48,76.07,1.0
04-02-2021,31833,2063,24214,7619,6.48,76.07,1.0
04-03-2021,31833,2063,24214,7619,6.48,76.07,1.0
04-04-2021,31833,2063,24214,7619,6.48,76.07,1.0
04-05-2021,31833,2063,24214,7619,6.48,76.07,1.0
04-06-2021,31833,2063,24214,7619,6.48,76.07,1.0
04-07-2021,31833,2063,24214,7619,6.48,76.07,1.0
04-08-2021,31833,2063,24214,7619,6.48,76.07,1.0
04-09-2021,31833,2063,24214,7619,6.48,76.07,1.0
04-10-2021,31833,2063,24214,7619,6.48,76.07,1.0
04-11-2021,31833,2063,24214,7619,6.48,76.07,1.0
04-12-2021,31833,2063,24214,7619,6.48,76.07,1.0
04-13-2021,31833,2194,25451,6382,6.89,79.95,1.0
04-14-2021,32932,2208,25539,7393,6.7,77.55,1.0345239217164577
04-15-2021,32932,2208,25539,7393,6.7,77.55,1.0
04-16-2021,33022,2208,25539,7483,6.69,77.34,1.0027329041661606
04-17-2021,33022,2208,25539,7483,6.69,77.34,1.0
04-18-2021,33022,2208,25539,7483,6.69,77.34,1.0
04-19-2021,33022,2281,26087,6935,6.91,79.0,1.0
04-20-2021,33083,2287,26248,6835,6.91,79.34,1.001847253346254
04-21-2021,33157,2289,26324,6833,6.9,79.39,1.002236798355651
04-22-2021,33599,2300,26411,7188,6.85,78.61,1.0133305184425612
04-23-2021,33673,2300,26411,7262,6.83,78.43,1.002202446501384
04-24-2021,33673,2300,26411,7262,6.83,78.43,1.0
04-25-2021,33673,2300,26411,7262,6.83,78.43,1.0
04-26-2021,33673,2340,26722,6951,6.95,79.36,1.0
04-27-2021,33891,2349,26795,7096,6.93,79.06,1.0064740296379888
04-28-2021,33944,2349,26795,7149,6.92,78.94,1.001563837006875
04-29-2021,33944,2349,26795,7149,6.92,78.94,1.0
04-30-2021,33944,2349,26795,7149,6.92,78.94,1.0
05-01-2021,33944,2349,26795,7149,6.92,78.94,1.0
05-02-2021,33944,2349,26795,7149,6.92,78.94,1.0
05-03-2021,33944,2349,26795,7149,6.92,78.94,1.0
05-04-2021,33944,2365,27247,6697,6.97,80.27,1.0
05-05-2021,34082,2365,27247,6835,6.94,79.95,1.004065519679472
05-06-2021,34461,2365,27247,7214,6.86,79.07,1.0111202394225691
05-07-2021,34461,2365,27247,7214,6.86,79.07,1.0
05-08-2021,34461,2365,27247,7214,6.86,79.07,1.0
05-09-2021,34461,2365,27247,7214,6.86,79.07,1.0
05-10-2021,34889,2446,27949,6940,7.01,80.11,1.0124198369170947
05-11-2021,34889,2446,27949,6940,7.01,80.11,1.0
05-12-2021,34889,2446,27949,6940,7.01,80.11,1.0
05-13-2021,34889,2446,27949,6940,7.01,80.11,1.0
05-14-2021,34889,2446,27949,6940,7.01,80.11,1.0
05-15-2021,34889,2446,27949,6940,7.01,80.11,1.0
05-16-2021,34889,2446,27949,6940,7.01,80.11,1.0
05-17-2021,34889,2446,27949,6940,7.01,80.11,1.0
05-18-2021,34889,2446,27949,6940,7.01,80.11,1.0
05-19-2021,34889,2446,27949,6940,7.01,80.11,1.0
05-20-2021,34889,2568,27949,6940,7.36,80.11,1.0
05-21-2021,34889,2568,27949,6940,7.36,80.11,1.0
05-22-2021,34889,2568,27949,6940,7.36,80.11,1.0
05-23-2021,34889,2568,27949,6940,7.36,80.11,1.0
05-24-2021,34889,2600,27949,6940,7.45,80.11,1.0
05-25-2021,34889,2600,27949,6940,7.45,80.11,1.0
05-26-2021,34889,2600,27949,6940,7.45,80.11,1.0
05-27-2021,34889,2600,27949,6940,7.45,80.11,1.0
05-28-2021,35289,2600,27949,7340,7.37,79.2,1.011464931640345
05-29-2021,35289,2600,27949,7340,7.37,79.2,1.0
05-30-2021,35289,2630,29270,6019,7.45,82.94,1.0
05-31-2021,35495,2631,29307,6188,7.41,82.57,1.005837513106067
06-01-2021,35512,2662,29364,6148,7.5,82.69,1.0004789406958727
06-02-2021,35537,2662,29364,6173,7.49,82.63,1.000703987384546
06-03-2021,35656,2662,29364,6292,7.47,82.35,1.0033486225623998
06-04-2021,35656,2662,29364,6292,7.47,82.35,1.0
06-05-2021,35656,2662,29364,6292,7.47,82.35,1.0
06-06-2021,35656,2697,29716,5940,7.56,83.34,1.0
06-07-2021,36004,2697,29716,6288,7.49,82.54,1.0097599282028271
06-08-2021,36004,2711,29812,6192,7.53,82.8,1.0
06-09-2021,36122,2719,29841,6281,7.53,82.61,1.0032774136207088
06-10-2021,36203,2719,29841,6362,7.51,82.43,1.0022424007530037
06-11-2021,36203,2719,29841,6362,7.51,82.43,1.0
06-12-2021,36203,2719,29841,6362,7.51,82.43,1.0
06-13-2021,36203,2732,29994,6209,7.55,82.85,1.0
06-14-2021,36304,2732,29994,6310,7.53,82.62,1.0027898240477309
06-15-2021,36304,2732,29994,6310,7.53,82.62,1.0
06-16-2021,36304,2737,30062,6242,7.54,82.81,1.0
06-17-2021,36347,2737,30062,6285,7.53,82.71,1.0011844424856766
06-18-2021,36347,2737,30062,6285,7.53,82.71,1.0
06-19-2021,36347,2737,30062,6285,7.53,82.71,1.0
06-20-2021,36347,2737,30062,6285,7.53,82.71,1.0
06-21-2021,36347,2737,30062,6285,7.53,82.71,1.0
06-22-2021,36347,2748,30370,5977,7.56,83.56,1.0
06-23-2021,36522,2750,30404,6118,7.53,83.25,1.0048147027264973
06-24-2021,36558,2750,30423,6135,7.52,83.22,1.0009857072449482
06-25-2021,36574,2750,30423,6151,7.52,83.18,1.0004376607035397
06-26-2021,36574,2750,30423,6151,7.52,83.18,1.0
06-27-2021,36574,2754,30487,6087,7.53,83.36,1.0
06-28-2021,36620,2754,30487,6133,7.52,83.25,1.0012577240662766
06-29-2021,36620,2754,30516,6104,7.52,83.33,1.0
06-30-2021,36658,2754,30516,6142,7.51,83.25,1.001037684325505
07-01-2021,36658,2760,30543,6115,7.53,83.32,1.0
07-02-2021,36658,2760,30543,6115,7.53,83.32,1.0
07-03-2021,36658,2760,30543,6115,7.53,83.32,1.0
07-04-2021,36658,2760,30543,6115,7.53,83.32,1.0
07-05-2021,36709,2760,30608,6101,7.52,83.38,1.0013912379289651
07-06-2021,36799,2760,30647,6152,7.5,83.28,1.002451714838323
07-07-2021,36805,2760,30647,6158,7.5,83.27,1.0001630479089105
07-08-2021,36805,2760,30647,6158,7.5,83.27,1.0
07-09-2021,36805,2760,30647,6158,7.5,83.27,1.0
07-10-2021,36805,2760,30647,6158,7.5,83.27,1.0
07-11-2021,36805,2760,30647,6158,7.5,83.27,1.0
07-12-2021,36805,2760,30647,6158,7.5,83.27,1.0
07-13-2021,36805,2760,30647,6158,7.5,83.27,1.0
07-14-2021,36805,2774,30647,6158,7.54,83.27,1.0
07-15-2021,36986,2774,30647,6339,7.5,82.86,1.0049178100801521
07-16-2021,36986,2776,30647,6339,7.51,82.86,1.0
07-17-2021,36986,2776,30647,6339,7.51,82.86,1.0
07-18-2021,36986,2776,30647,6339,7.51,82.86,1.0
07-19-2021,37138,2776,30647,6491,7.47,82.52,1.0041096631157735
07-20-2021,37138,2776,30647,6491,7.47,82.52,1.0
07-21-2021,37138,2776,30647,6491,7.47,82.52,1.0
07-22-2021,37138,2776,30647,6491,7.47,82.52,1.0
07-23-2021,37138,2776,30647,6491,7.47,82.52,1.0
07-24-2021,37138,2776,30647,6491,7.47,82.52,1.0
07-25-2021,37138,2776,30647,6491,7.47,82.52,1.0
07-26-2021,37138,2776,30647,6491,7.47,82.52,1.0
07-27-2021,37138,2776,30647,6491,7.47,82.52,1.0
07-28-2021,37138,2776,30647,6491,7.47,82.52,1.0
07-29-2021,37138,2776,30647,6491,7.47,82.52,1.0
07-30-2021,37138,2776,30647,6491,7.47,82.52,1.0
07-31-2021,37138,2776,30647,6491,7.47,82.52,1.0
08-01-2021,37138,2776,30647,6491,7.47,82.52,1.0
08-02-2021,37138,2776,30647,6491,7.47,82.52,1.0
08-03-2021,37138,2776,30647,6491,7.47,82.52,1.0
08-04-2021,37138,2776,30647,6491,7.47,82.52,1.0
08-05-2021,37138,2776,0,37138,7.47,0,1.0
08-06-2021,37138,2776,0,37138,7.47,0,1.0
08-07-2021,37138,2776,0,37138,7.47,0,1.0
08-08-2021,37138,2776,0,37138,7.47,0,1.0
08-09-2021,37138,2776,0,37138,7.47,0,1.0
08-10-2021,37528,2776,0,37528,7.4,0,1.0105013732565027
08-11-2021,37528,2776,0,37528,7.4,0,1.0
08-12-2021,37532,2803,0,37532,7.47,0,1.0001065870816457
08-13-2021,37543,2804,0,37543,7.47,0,1.000293083235639
08-14-2021,37543,2804,0,37543,7.47,0,1.0
08-15-2021,37543,2813,0,37543,7.49,0,1.0
08-16-2021,37556,2816,0,37556,7.5,0,1.0003462696108463
08-17-2021,37556,2816,0,37556,7.5,0,1.0
08-18-2021,37616,2818,0,37616,7.49,0,1.0015976142294174
08-19-2021,37616,2820,0,37616,7.5,0,1.0
08-20-2021,37620,2820,0,37620,7.5,0,1.0001063377286261
08-21-2021,37620,2820,0,37620,7.5,0,1.0
08-22-2021,37620,2822,0,37620,7.5,0,1.0
08-23-2021,37639,2826,0,37639,7.51,0,1.0005050505050506
08-24-2021,37648,2828,0,37648,7.51,0,1.0002391136852733
08-25-2021,37662,2828,0,37662,7.51,0,1.0003718657033573
08-26-2021,37698,2831,0,37698,7.51,0,1.0009558706388402
08-27-2021,37699,2831,0,37699,7.51,0,1.000026526606186
08-28-2021,37699,2831,0,37699,7.51,0,1.0
08-29-2021,37699,2831,0,37699,7.51,0,1.0
08-30-2021,37708,2831,0,37708,7.51,0,1.0002387331228946
08-31-2021,37709,2831,0,37709,7.51,0,1.0000265195714437
09-01-2021,37709,2837,0,37709,7.52,0,1.0
09-02-2021,37711,2837,0,37711,7.52,0,1.0000530377363495
09-03-2021,37886,2837,0,37886,7.49,0,1.0046405558059983
09-04-2021,37886,2837,0,37886,7.49,0,1.0
09-05-2021,37886,2837,0,37886,7.49,0,1.0
09-06-2021,37873,2837,0,37873,7.49,0,1.0003431346671594
09-07-2021,37875,2837,0,37875,7.49,0,1.000052808069073
09-08-2021,37877,2837,0,37877,7.49,0,1.000052805280528
09-09-2021,37931,2837,0,37931,7.48,0,1.001425667291496
09-10-2021,37931,2837,0,37931,7.48,0,1.0
09-11-2021,37931,2837,0,37931,7.48,0,1.0
09-12-2021,37931,2837,0,37931,7.48,0,1.0
09-13-2021,37951,2837,0,37951,7.48,0,1.000527273206612
09-14-2021,37951,2873,0,37951,7.57,0,1.0
09-15-2021,37951,2875,0,37951,7.58,0,1.0
09-16-2021,37995,2875,0,37995,7.57,0,1.0011593897394009
09-17-2021,37995,2875,0,37995,7.57,0,1.0
09-18-2021,37995,2875,0,37995,7.57,0,1.0
09-19-2021,37995,2878,0,37995,7.57,0,1.0
09-20-2021,38041,2879,0,38041,7.57,0,1.0012106856165286
09-21-2021,38042,2879,0,38042,7.57,0,1.0000262874267238
09-22-2021,38050,2881,0,38050,7.57,0,1.0002102938857054
09-23-2021,38077,2894,0,38077,7.6,0,1.0007095926412615
09-24-2021,38077,2894,0,38077,7.6,0,1.0
09-25-2021,38077,2894,0,38077,7.6,0,1.0
09-26-2021,38077,2894,0,38077,7.6,0,1.0
09-27-2021,38201,2900,0,38201,7.59,0,1.0032565590776585
09-28-2021,38217,2900,0,38217,7.59,0,1.0004188372032146
09-29-2021,38245,2901,0,38245,7.59,0,1.000732658241097
09-30-2021,38283,2902,0,38283,7.58,0,1.0009935939338475
10-01-2021,38283,2902,0,38283,7.58,0,1.0
10-02-2021,38283,2904,0,38283,7.59,0,1.0
10-03-2021,38283,2906,0,38283,7.59,0,1.0
10-04-2021,38345,2909,0,38345,7.59,0,1.0016195178016352
10-05-2021,38632,2909,0,38632,7.53,0,1.0074846785760856
10-06-2021,38665,2909,0,38665,7.52,0,1.0008542141230068
10-07-2021,38670,2909,0,38670,7.52,0,1.0001293159187896
10-08-2021,38746,2951,0,38746,7.62,0,1.0019653478148436
10-09-2021,38824,2951,0,38824,7.6,0,1.0020131110308161
10-10-2021,38824,2951,0,38824,7.6,0,1.0
10-11-2021,38827,2953,0,38827,7.61,0,1.000077271790645
10-12-2021,38884,2955,0,38884,7.6,0,1.0014680505833569
10-13-2021,39119,2976,0,39119,7.61,0,1.0060436169118403
10-14-2021,39416,2976,0,39416,7.55,0,1.0075922186149953
10-15-2021,39416,2976,0,39416,7.55,0,1.0
10-16-2021,39550,3038,0,39550,7.68,0,1.0033996346661254
10-17-2021,39550,3038,0,39550,7.68,0,1.0
10-18-2021,39839,3038,0,39839,7.63,0,1.007307206068268
10-19-2021,39839,3038,0,39839,7.63,0,1.0
10-20-2021,39839,3038,0,39839,7.63,0,1.0
10-21-2021,40084,3038,0,40084,7.58,0,1.0061497527548382
10-22-2021,40084,3038,0,40084,7.58,0,1.0
10-23-2021,40238,3099,0,40238,7.7,0,1.00384193194292
10-24-2021,40238,3099,0,40238,7.7,0,1.0
10-25-2021,40433,3099,0,40433,7.66,0,1.0048461653163676
10-26-2021,40433,3099,0,40433,7.66,0,1.0
10-27-2021,40433,3099,0,40433,7.66,0,1.0
10-28-2021,40433,3099,0,40433,7.66,0,1.0
10-29-2021,40433,3099,0,40433,7.66,0,1.0
10-30-2021,40433,3099,0,40433,7.66,0,1.0
10-31-2021,40433,3099,0,40433,7.66,0,1.0
11-01-2021,40433,3099,0,40433,7.66,0,1.0
11-02-2021,40433,3099,0,40433,7.66,0,1.0
11-03-2021,40433,3099,0,40433,7.66,0,1.0
11-04-2021,40433,3099,0,40433,7.66,0,1.0
11-05-2021,40433,3099,0,40433,7.66,0,1.0
11-06-2021,40433,3099,0,40433,7.66,0,1.0
11-07-2021,40433,3099,0,40433,7.66,0,1.0
11-08-2021,40433,3099,0,40433,7.66,0,1.0
11-09-2021,41019,3099,0,41019,7.56,0,1.0144931120619296
11-10-2021,41019,3099,0,41019,7.56,0,1.0
11-11-2021,41093,3099,0,41093,7.54,0,1.0018040420293035
11-12-2021,41093,3099,0,41093,7.54,0,1.0
11-13-2021,41093,3099,0,41093,7.54,0,1.0
11-14-2021,41093,3099,0,41093,7.54,0,1.0
11-15-2021,41309,3099,0,41309,7.5,0,1.0052563696980021
11-16-2021,41309,3099,0,41309,7.5,0,1.0
11-17-2021,41351,3099,0,41351,7.49,0,1.0010167275896293
11-18-2021,41558,3099,0,41558,7.46,0,1.0050059248869434
11-19-2021,41558,3099,0,41558,7.46,0,1.0
11-20-2021,41558,3099,0,41558,7.46,0,1.0
11-21-2021,41558,3099,0,41558,7.46,0,1.0
11-22-2021,41822,3103,0,41822,7.42,0,1.0063525674960296
11-23-2021,41890,3114,0,41890,7.43,0,1.0016259385012674
11-24-2021,41959,3114,0,41959,7.42,0,1.0016471711625687
11-25-2021,42056,3114,0,42056,7.4,0,1.0023117805476776
11-26-2021,42056,3114,0,42056,7.4,0,1.0
11-27-2021,42056,3114,0,42056,7.4,0,1.0
11-28-2021,42056,3114,0,42056,7.4,0,1.0
11-29-2021,42826,3141,0,42826,7.33,0,1.0183089214380825
11-30-2021,43084,3159,0,43084,7.33,0,1.0060243777144726
12-01-2021,43229,3159,0,43229,7.31,0,1.0033655185219572
12-02-2021,43489,3164,0,43489,7.28,0,1.0060144810196858
12-03-2021,43489,3164,0,43489,7.28,0,1.0
12-04-2021,43489,3164,0,43489,7.28,0,1.0
12-05-2021,43489,3164,0,43489,7.28,0,1.0
12-06-2021,44170,3200,0,44170,7.24,0,1.015659132194348
12-07-2021,44170,3200,0,44170,7.24,0,1.0
12-08-2021,44406,3201,0,44406,7.21,0,1.0053429929816617
12-09-2021,44406,3206,0,44406,7.22,0,1.0
12-10-2021,44529,3208,0,44529,7.2,0,1.0027698959600053
12-11-2021,44529,3208,0,44529,7.2,0,1.0
12-12-2021,44529,3208,0,44529,7.2,0,1.0
12-13-2021,44877,3244,0,44877,7.23,0,1.0078151317119182
12-14-2021,45112,3252,0,45112,7.21,0,1.0052365354190342
12-15-2021,45112,3252,0,45112,7.21,0,1.0
12-16-2021,45112,3252,0,45112,7.21,0,1.0
12-17-2021,45112,3252,0,45112,7.21,0,1.0
12-18-2021,45112,3252,0,45112,7.21,0,1.0
12-19-2021,45112,3252,0,45112,7.21,0,1.0
12-20-2021,45901,3295,0,45901,7.18,0,1.017489803156588
12-21-2021,45901,3296,0,45901,7.18,0,1.0
12-22-2021,46037,3298,0,46037,7.16,0,1.0029628984117993
12-23-2021,46100,3298,0,46100,7.15,0,1.0013684644959489
12-24-2021,46100,3298,0,46100,7.15,0,1.0
12-25-2021,46100,3298,0,46100,7.15,0,1.0
12-26-2021,46100,3298,0,46100,7.15,0,1.0
12-27-2021,46166,3298,0,46166,7.14,0,1.0014316702819956
12-28-2021,46292,3298,0,46292,7.12,0,1.0027292812892605
12-29-2021,46518,3331,0,46518,7.16,0,1.0048820530545235
12-30-2021,46518,3331,0,46518,7.16,0,1.0
12-31-2021,46518,3331,0,46518,7.16,0,1.0
01-01-2022,46518,3331,0,46518,7.16,0,1.0
01-02-2022,46518,3331,0,46518,7.16,0,1.0
01-03-2022,46518,3331,0,46518,7.16,0,1.0
01-04-2022,47272,3340,0,47272,7.07,0,1.0162087793972225
01-05-2022,47272,3340,0,47272,7.07,0,1.0
01-06-2022,47443,3340,0,47443,7.04,0,1.0036173633440515
01-07-2022,47443,3340,0,47443,7.04,0,1.0
01-08-2022,47443,3340,0,47443,7.04,0,1.0
01-09-2022,47443,3340,0,47443,7.04,0,1.0
01-10-2022,48355,3340,0,48355,6.91,0,1.0192230676812175
01-11-2022,48813,3347,0,48813,6.86,0,1.0094716161720607
01-12-2022,49096,3358,0,49096,6.84,0,1.0057976358756888
01-13-2022,49916,3358,0,49916,6.73,0,1.0167019716473846
01-14-2022,50111,3358,0,50111,6.7,0,1.0039065630258834
01-15-2022,50984,3358,0,50984,6.59,0,1.0174213246592565
01-16-2022,50984,3358,0,50984,6.59,0,1.0
01-17-2022,51802,3388,0,51802,6.54,0,1.016044249176212
01-18-2022,52345,3390,0,52345,6.48,0,1.010482220763677
01-19-2022,53080,3390,0,53080,6.39,0,1.0140414557264303
01-20-2022,53959,3393,0,53959,6.29,0,1.0165599095704596
01-21-2022,53959,3393,0,53959,6.29,0,1.0
01-22-2022,53959,3393,0,53959,6.29,0,1.0
01-23-2022,53959,3393,0,53959,6.29,0,1.0
01-24-2022,55149,3404,0,55149,6.17,0,1.0220537815748996
01-25-2022,55833,3411,0,55833,6.11,0,1.0124027634227275
01-26-2022,56595,3411,0,56595,6.03,0,1.0136478426736877
01-27-2022,57106,3422,0,57106,5.99,0,1.0090290661719232
01-28-2022,57106,3422,0,57106,5.99,0,1.0
01-29-2022,57106,3422,0,57106,5.99,0,1.0
01-30-2022,57106,3422,0,57106,5.99,0,1.0
01-31-2022,57632,3441,0,57632,5.97,0,1.0092109410569818
02-01-2022,58208,3442,0,58208,5.91,0,1.0099944475291505
02-02-2022,58623,3533,0,58623,6.03,0,1.00712960417812
02-03-2022,58874,3588,0,58874,6.09,0,1.0042815959606297
02-04-2022,58874,3588,0,58874,6.09,0,1.0
02-05-2022,58874,3588,0,58874,6.09,0,1.0
02-06-2022,58874,3588,0,58874,6.09,0,1.0
02-07-2022,59194,3604,0,59194,6.09,0,1.0054353364812991
02-08-2022,59294,3632,0,59294,6.13,0,1.0016893604081494
02-09-2022,59345,3758,0,59345,6.33,0,1.0008601207542078
02-10-2022,59455,3764,0,59455,6.33,0,1.0018535681186285
02-11-2022,59525,3764,0,59525,6.32,0,1.00117736102935
02-12-2022,59631,3831,0,59631,6.42,0,1.0017807643847123
02-13-2022,59631,3831,0,59631,6.42,0,1.0
02-14-2022,59903,3831,0,59903,6.4,0,1.0045613858563498
02-15-2022,59903,3831,0,59903,6.4,0,1.0
02-16-2022,59939,3831,0,59939,6.39,0,1.000600971570706
02-17-2022,59939,3831,0,59939,6.39,0,1.0
02-18-2022,59939,3831,0,59939,6.39,0,1.0
02-19-2022,59939,3831,0,59939,6.39,0,1.0
02-20-2022,59939,3831,0,59939,6.39,0,1.0
02-21-2022,61223,3892,0,61223,6.36,0,1.0214217788084552
02-22-2022,61251,3894,0,61251,6.36,0,1.0004573444620486
02-23-2022,61350,3895,0,61350,6.35,0,1.0016163001420384
02-24-2022,61376,3901,0,61376,6.36,0,1.0004237978810107
02-25-2022,61376,3901,0,61376,6.36,0,1.0
02-26-2022,61376,3901,0,61376,6.36,0,1.0
02-27-2022,61376,3901,0,61376,6.36,0,1.0
02-28-2022,61458,3908,0,61458,6.36,0,1.0013360271115745
03-01-2022,61488,3909,0,61488,6.36,0,1.0004881382407498
03-02-2022,61512,3910,0,61512,6.36,0,1.000390320062451
03-03-2022,61554,3911,0,61554,6.35,0,1.0006827936012486
03-04-2022,61569,3912,0,61569,6.35,0,1.0002436884686616
03-05-2022,61569,3912,0,61569,6.35,0,1.0
03-06-2022,61569,3912,0,61569,6.35,0,1.0
03-07-2022,61625,4865,0,61625,7.89,0,1.0009095486364892
03-08-2022,61631,4865,0,61631,7.89,0,1.0000973630831642
03-09-2022,61643,4865,0,61643,7.89,0,1.0001947072090345
03-10-2022,61643,4865,0,61643,7.89,0,1.0
03-11-2022,61655,4865,0,61655,7.89,0,1.0001946693055173
03-12-2022,61655,4865,0,61655,7.89,0,1.0
03-13-2022,61655,4865,0,61655,7.89,0,1.0
03-14-2022,61713,4872,0,61713,7.89,0,1.0009407185143135
03-15-2022,61715,4874,0,61715,7.9,0,1.0000324080825758
03-16-2022,61715,4874,0,61715,7.9,0,1.0
03-17-2022,61775,4888,0,61775,7.91,0,1.0009722109697805
03-18-2022,61775,4888,0,61775,7.91,0,1.0
03-19-2022,61775,4888,0,61775,7.91,0,1.0
03-20-2022,61775,4888,0,61775,7.91,0,1.0
03-21-2022,61842,4897,0,61842,7.92,0,1.0010845811412383
03-22-2022,61853,4898,0,61853,7.92,0,1.0001778726431876
03-23-2022,61862,4900,0,61862,7.92,0,1.0001455062810212
03-24-2022,61862,4900,0,61862,7.92,0,1.0
03-25-2022,61889,4901,0,61889,7.92,0,1.0004364553360705
03-26-2022,61889,4901,0,61889,7.92,0,1.0
03-27-2022,61889,4901,0,61889,7.92,0,1.0
03-28-2022,61916,4902,0,61916,7.92,0,1.0004362649259158
03-29-2022,61929,4905,0,61929,7.92,0,1.0002099618838427
03-30-2022,61929,4905,0,61929,7.92,0,1.0
03-31-2022,61955,4907,0,61955,7.92,0,1.000419835618208
04-01-2022,61955,4907,0,61955,7.92,0,1.0
04-02-2022,61955,4907,0,61955,7.92,0,1.0
04-03-2022,61955,4907,0,61955,7.92,0,1.0
04-04-2022,61966,4907,0,61966,7.92,0,1.0001775482204827
04-05-2022,61987,4907,0,61987,7.92,0,1.0003388955233514
04-06-2022,61987,4907,0,61987,7.92,0,1.0
04-07-2022,61987,4907,0,61987,7.92,0,1.0
04-08-2022,61987,4907,0,61987,7.92,0,1.0
04-09-2022,61987,4907,0,61987,7.92,0,1.0
04-10-2022,61987,4907,0,61987,7.92,0,1.0
04-11-2022,62034,4925,0,62034,7.94,0,1.0007582234984755
04-12-2022,62034,4925,0,62034,7.94,0,1.0
04-13-2022,62057,4929,0,62057,7.94,0,1.000370764419512
04-14-2022,62057,4929,0,62057,7.94,0,1.0
04-15-2022,62057,4929,0,62057,7.94,0,1.0
04-16-2022,62057,4929,0,62057,7.94,0,1.0
04-17-2022,62057,4929,0,62057,7.94,0,1.0
04-18-2022,62057,4929,0,62057,7.94,0,1.0
04-19-2022,62079,4929,0,62079,7.94,0,1.0003545127866316
04-20-2022,62079,4929,0,62079,7.94,0,1.0
04-21-2022,62084,4929,0,62084,7.94,0,1.0000805425345125
04-22-2022,62093,4930,0,62093,7.94,0,1.000144964886283
04-23-2022,62093,4930,0,62093,7.94,0,1.0
04-24-2022,62093,4930,0,62093,7.94,0,1.0
04-25-2022,62093,4930,0,62093,7.94,0,1.0
04-26-2022,62117,4931,0,62117,7.94,0,1.0003865169986954
04-27-2022,62117,4931,0,62117,7.94,0,1.0
04-28-2022,62117,4931,0,62117,7.94,0,1.0
04-29-2022,62117,4931,0,62117,7.94,0,1.0
04-30-2022,62117,4931,0,62117,7.94,0,1.0
05-01-2022,62117,4931,0,62117,7.94,0,1.0
05-02-2022,62117,4931,0,62117,7.94,0,1.0
05-03-2022,62117,4931,0,62117,7.94,0,1.0
05-04-2022,62135,4933,0,62135,7.94,0,1.00028977574577
05-05-2022,62135,4933,0,62135,7.94,0,1.0
05-06-2022,62135,4933,0,62135,7.94,0,1.0
05-07-2022,62135,4933,0,62135,7.94,0,1.0
05-08-2022,62135,4933,0,62135,7.94,0,1.0
05-09-2022,62149,4935,0,62149,7.94,0,1.000225315844532
05-10-2022,62161,4936,0,62161,7.94,0,1.0001930843617757
05-11-2022,62161,4936,0,62161,7.94,0,1.0
05-12-2022,62161,4936,0,62161,7.94,0,1.0
05-13-2022,62161,4936,0,62161,7.94,0,1.0
05-14-2022,62161,4936,0,62161,7.94,0,1.0
05-15-2022,62161,4936,0,62161,7.94,0,1.0
05-16-2022,62195,4936,0,62195,7.94,0,1.0005469667476392
05-17-2022,62195,4936,0,62195,7.94,0,1.0
05-18-2022,62211,4937,0,62211,7.94,0,1.000257255406383
05-19-2022,62211,4937,0,62211,7.94,0,1.0
05-20-2022,62211,4937,0,62211,7.94,0,1.0
05-21-2022,62211,4937,0,62211,7.94,0,1.0
05-22-2022,62251,4941,0,62251,7.94,0,1.0006429731076498
05-23-2022,62229,4939,0,62229,7.94,0,1.000353407977382
05-24-2022,62240,4941,0,62240,7.94,0,1.000176766459368
05-25-2022,62251,4941,0,62251,7.94,0,1.000176735218509
05-26-2022,62251,4941,0,62251,7.94,0,1.0
05-27-2022,62251,4941,0,62251,7.94,0,1.0
05-28-2022,62251,4941,0,62251,7.94,0,1.0
05-29-2022,62251,4941,0,62251,7.94,0,1.0
05-30-2022,62321,4941,0,62321,7.93,0,1.0011244799280332
05-31-2022,62355,4942,0,62355,7.93,0,1.0005455624909743
06-01-2022,62374,4942,0,62374,7.92,0,1.0003047069200546
06-02-2022,62374,4942,0,62374,7.92,0,1.0
06-03-2022,62374,4942,0,62374,7.92,0,1.0
06-04-2022,62374,4942,0,62374,7.92,0,1.0
06-05-2022,62374,4942,0,62374,7.92,0,1.0
06-06-2022,62382,4942,0,62382,7.92,0,1.0001282585692757
06-07-2022,62399,4942,0,62399,7.92,0,1.0002725145073899
06-08-2022,62444,4950,0,62444,7.93,0,1.0007211654032917
06-09-2022,62444,4950,0,62444,7.93,0,1.0
06-10-2022,62444,4950,0,62444,7.93,0,1.0
06-11-2022,62444,4950,0,62444,7.93,0,1.0
06-12-2022,62444,4950,0,62444,7.93,0,1.0
06-13-2022,62475,4950,0,62475,7.92,0,1.000496444814554
06-14-2022,62475,4950,0,62475,7.92,0,1.0
06-15-2022,62489,4950,0,62489,7.92,0,1.0002240896358543
06-16-2022,62489,4950,0,62489,7.92,0,1.0
06-17-2022,62489,4950,0,62489,7.92,0,1.0
06-18-2022,62489,4950,0,62489,7.92,0,1.0
06-19-2022,62489,4950,0,62489,7.92,0,1.0
06-20-2022,62521,4950,0,62521,7.92,0,1.0005120901278626
06-21-2022,62533,4950,0,62533,7.92,0,1.0001919355096687
06-22-2022,62541,4951,0,62541,7.92,0,1.0001279324516654
06-23-2022,62551,4951,0,62551,7.92,0,1.0001598951088086
06-24-2022,62551,4951,0,62551,7.92,0,1.0
06-25-2022,62551,4951,0,62551,7.92,0,1.0
06-26-2022,62551,4951,0,62551,7.92,0,1.0
06-27-2022,62551,4951,0,62551,7.92,0,1.0
06-28-2022,62551,4951,0,62551,7.92,0,1.0
06-29-2022,62624,4951,0,62624,7.91,0,1.0011670476890857
06-30-2022,62624,4951,0,62624,7.91,0,1.0
07-01-2022,62624,4951,0,62624,7.91,0,1.0
07-02-2022,62624,4951,0,62624,7.91,0,1.0
07-03-2022,62624,4951,0,62624,7.91,0,1.0
07-04-2022,62696,4952,0,62696,7.9,0,1.0011497189575882
07-05-2022,62704,4952,0,62704,7.9,0,1.0001275998468802
07-06-2022,62704,4952,0,62704,7.9,0,1.0
07-07-2022,62745,4952,0,62745,7.89,0,1.0006538657820874
07-08-2022,62745,4952,0,62745,7.89,0,1.0
07-09-2022,62745,4952,0,62745,7.89,0,1.0
07-10-2022,62745,4952,0,62745,7.89,0,1.0
07-11-2022,62745,4952,0,62745,7.89,0,1.0
07-12-2022,62795,4955,0,62795,7.89,0,1.0007968762451191
07-13-2022,62795,4955,0,62795,7.89,0,1.0
07-14-2022,62795,4955,0,62795,7.89,0,1.0
07-15-2022,62795,4955,0,62795,7.89,0,1.0
07-16-2022,62795,4955,0,62795,7.89,0,1.0
07-17-2022,62795,4955,0,62795,7.89,0,1.0
07-18-2022,62872,4955,0,62872,7.88,0,1.0012262122780475
07-19-2022,62874,4955,0,62874,7.88,0,1.0000318106629342
07-20-2022,62914,4955,0,62914,7.88,0,1.0006361930209626
07-21-2022,62914,4955,0,62914,7.88,0,1.0
07-22-2022,62914,4955,0,62914,7.88,0,1.0
07-23-2022,62914,4955,0,62914,7.88,0,1.0
07-24-2022,62914,4955,0,62914,7.88,0,1.0
07-25-2022,62914,4955,0,62914,7.88,0,1.0
07-26-2022,63006,4957,0,63006,7.87,0,1.0014623136344851
07-27-2022,63006,4957,0,63006,7.87,0,1.0
07-28-2022,63006,4957,0,63006,7.87,0,1.0
07-29-2022,63006,4957,0,63006,7.87,0,1.0
07-30-2022,63006,4957,0,63006,7.87,0,1.0
07-31-2022,63006,4957,0,63006,7.87,0,1.0
08-01-2022,63006,4957,0,63006,7.87,0,1.0
08-02-2022,63074,4958,0,63074,7.86,0,1.00107926229248
08-03-2022,63074,4958,0,63074,7.86,0,1.0
08-04-2022,63074,4958,0,63074,7.86,0,1.0
08-05-2022,63074,4958,0,63074,7.86,0,1.0
08-06-2022,63074,4958,0,63074,7.86,0,1.0
08-07-2022,63074,4958,0,63074,7.86,0,1.0
08-08-2022,63128,4960,0,63128,7.86,0,1.000856137235628
08-09-2022,63128,4960,0,63128,7.86,0,1.0
08-10-2022,63128,4960,0,63128,7.86,0,1.0
08-11-2022,63128,4960,0,63128,7.86,0,1.0
08-12-2022,63128,4960,0,63128,7.86,0,1.0
08-13-2022,63128,4960,0,63128,7.86,0,1.0
08-14-2022,63128,4960,0,63128,7.86,0,1.0
08-15-2022,63147,4961,0,63147,7.86,0,1.0003009757952097
08-16-2022,63147,4961,0,63147,7.86,0,1.0
08-17-2022,63147,4961,0,63147,7.86,0,1.0
08-18-2022,63147,4961,0,63147,7.86,0,1.0
08-19-2022,63147,4961,0,63147,7.86,0,1.0
08-20-2022,63147,4961,0,63147,7.86,0,1.0
08-21-2022,63147,4961,0,63147,7.86,0,1.0
08-22-2022,63172,4961,0,63172,7.85,0,1.000395901626364
08-23-2022,63173,4961,0,63173,7.85,0,1.0000158297980117
08-24-2022,63173,4961,0,63173,7.85,0,1.0
08-25-2022,63173,4961,0,63173,7.85,0,1.0
08-26-2022,63173,4961,0,63173,7.85,0,1.0
08-27-2022,63173,4961,0,63173,7.85,0,1.0
08-28-2022,63173,4961,0,63173,7.85,0,1.0
08-29-2022,63173,4961,0,63173,7.85,0,1.0
08-30-2022,63228,4961,0,63228,7.85,0,1.0008706251088282
08-31-2022,63228,4961,0,63228,7.85,0,1.0
09-01-2022,63228,4961,0,63228,7.85,0,1.0
09-02-2022,63228,4961,0,63228,7.85,0,1.0
09-03-2022,63228,4961,0,63228,7.85,0,1.0
09-04-2022,63228,4961,0,63228,7.85,0,1.0
09-05-2022,63266,4961,0,63266,7.84,0,1.0006009995571583
09-06-2022,63270,4961,0,63270,7.84,0,1.0000632251130148
09-07-2022,63270,4961,0,63270,7.84,0,1.0
09-08-2022,63270,4961,0,63270,7.84,0,1.0
09-09-2022,63270,4961,0,63270,7.84,0,1.0
09-10-2022,63270,4961,0,63270,7.84,0,1.0
09-11-2022,63270,4961,0,63270,7.84,0,1.0
09-12-2022,63275,4961,0,63275,7.84,0,1.0000790263948158
09-13-2022,63275,4961,0,63275,7.84,0,1.0
09-14-2022,63275,4961,0,63275,7.84,0,1.0
09-15-2022,63275,4961,0,63275,7.84,0,1.0
09-16-2022,63275,4961,0,63275,7.84,0,1.0
09-17-2022,63275,4961,0,63275,7.84,0,1.0
09-18-2022,63275,4961,0,63275,7.84,0,1.0
09-19-2022,63285,4961,0,63285,7.84,0,1.0001580403002766
09-20-2022,63285,4961,0,63285,7.84,0,1.0
09-21-2022,63285,4961,0,63285,7.84,0,1.0
09-22-2022,63285,4961,0,63285,7.84,0,1.0
09-23-2022,63285,4961,0,63285,7.84,0,1.0
09-24-2022,63285,4961,0,63285,7.84,0,1.0
09-25-2022,63285,4961,0,63285,7.84,0,1.0
09-26-2022,63285,4961,0,63285,7.84,0,1.0
09-27-2022,63285,4961,0,63285,7.84,0,1.0
09-28-2022,63285,4961,0,63285,7.84,0,1.0
09-29-2022,63285,4961,0,63285,7.84,0,1.0
09-30-2022,63285,4961,0,63285,7.84,0,1.0
10-01-2022,63285,4961,0,63285,7.84,0,1.0
10-02-2022,63285,4961,0,63285,7.84,0,1.0
10-03-2022,63285,4961,0,63285,7.84,0,1.0
10-04-2022,63285,4961,0,63285,7.84,0,1.0
10-05-2022,63285,4961,0,63285,7.84,0,1.0
10-06-2022,63339,4962,0,63339,7.83,0,1.0008532827684284
10-07-2022,63339,4962,0,63339,7.83,0,1.0
10-08-2022,63339,4962,0,63339,7.83,0,1.0
10-09-2022,63339,4962,0,63339,7.83,0,1.0
10-10-2022,63344,4962,0,63344,7.83,0,1.0000789403053412
10-11-2022,63344,4962,0,63344,7.83,0,1.0
10-12-2022,63375,4963,0,63375,7.83,0,1.0004893912604194
10-13-2022,63375,4963,0,63375,7.83,0,1.0
10-14-2022,63375,4963,0,63375,7.83,0,1.0
10-15-2022,63375,4963,0,63375,7.83,0,1.0
10-16-2022,63375,4963,0,63375,7.83,0,1.0
10-17-2022,63449,4964,0,63449,7.82,0,1.0011676528599605
10-18-2022,63449,4964,0,63449,7.82,0,1.0
10-19-2022,63449,4965,0,63449,7.83,0,1.0
10-20-2022,63449,4965,0,63449,7.83,0,1.0
10-21-2022,63449,4965,0,63449,7.83,0,1.0
10-22-2022,63449,4965,0,63449,7.83,0,1.0
10-23-2022,63449,4965,0,63449,7.83,0,1.0
10-24-2022,63449,4966,0,63449,7.83,0,1.0
10-25-2022,63449,4966,0,63449,7.83,0,1.0
10-26-2022,63473,4972,0,63473,7.83,0,1.0003782565525068
10-27-2022,63473,4972,0,63473,7.83,0,1.0
10-28-2022,63473,4972,0,63473,7.83,0,1.0
10-29-2022,63473,4972,0,63473,7.83,0,1.0
10-30-2022,63473,4972,0,63473,7.83,0,1.0
10-31-2022,63481,4972,0,63481,7.83,0,1.0001260378428622
11-01-2022,63481,4972,0,63481,7.83,0,1.0
11-02-2022,63509,4972,0,63509,7.83,0,1.0004410768576424
11-03-2022,63509,4972,0,63509,7.83,0,1.0
11-04-2022,63509,4972,0,63509,7.83,0,1.0
11-05-2022,63509,4972,0,63509,7.83,0,1.0
11-06-2022,63509,4972,0,63509,7.83,0,1.0
11-07-2022,63518,4972,0,63518,7.83,0,1.0001417121982712
11-08-2022,63558,4978,0,63558,7.83,0,1.0006297427500865
11-09-2022,63558,4978,0,63558,7.83,0,1.0
11-10-2022,63561,4980,0,63561,7.83,0,1.0000472009817805
11-11-2022,63561,4980,0,63561,7.83,0,1.0
11-12-2022,63561,4980,0,63561,7.83,0,1.0
11-13-2022,63561,4980,0,63561,7.83,0,1.0
11-14-2022,63595,4981,0,63595,7.83,0,1.000534919211466
11-15-2022,63595,4981,0,63595,7.83,0,1.0
11-16-2022,63595,4981,0,63595,7.83,0,1.0
11-17-2022,63595,4981,0,63595,7.83,0,1.0
11-18-2022,63595,4981,0,63595,7.83,0,1.0
11-19-2022,63595,4981,0,63595,7.83,0,1.0
11-20-2022,63595,4981,0,63595,7.83,0,1.0
11-21-2022,63617,4986,0,63617,7.84,0,1.0003459391461593
11-22-2022,63625,4986,0,63625,7.84,0,1.000125752550419
11-23-2022,63625,4986,0,63625,7.84,0,1.0
11-24-2022,63637,4990,0,63637,7.84,0,1.000188605108055
11-25-2022,63637,4990,0,63637,7.84,0,1.0
11-26-2022,63637,4990,0,63637,7.84,0,1.0
11-27-2022,63637,4990,0,63637,7.84,0,1.0
11-28-2022,63637,4990,0,63637,7.84,0,1.0
11-29-2022,63637,4990,0,63637,7.84,0,1.0
11-30-2022,63637,4990,0,63637,7.84,0,1.0
12-01-2022,63637,4990,0,63637,7.84,0,1.0
12-02-2022,63637,4990,0,63637,7.84,0,1.0
12-03-2022,63637,4990,0,63637,7.84,0,1.0
12-04-2022,63637,4990,0,63637,7.84,0,1.0
12-05-2022,63655,4991,0,63655,7.84,0,1.000282854314314
12-06-2022,63655,4991,0,63655,7.84,0,1.0
12-07-2022,63655,4991,0,63655,7.84,0,1.0
12-08-2022,63660,4992,0,63660,7.84,0,1.000078548425104
12-09-2022,63660,4992,0,63660,7.84,0,1.0
12-10-2022,63660,4992,0,63660,7.84,0,1.0
12-11-2022,63660,4992,0,63660,7.84,0,1.0
12-12-2022,63663,4992,0,63663,7.84,0,1.0000471253534402
12-13-2022,63663,4992,0,63663,7.84,0,1.0
12-14-2022,63663,4992,0,63663,7.84,0,1.0
12-15-2022,63663,4992,0,63663,7.84,0,1.0
12-16-2022,63663,4992,0,63663,7.84,0,1.0
12-17-2022,63663,4992,0,63663,7.84,0,1.0
12-18-2022,63663,4992,0,63663,7.84,0,1.0
12-19-2022,63677,4992,0,63677,7.84,0,1.000219907952814
12-20-2022,63677,4992,0,63677,7.84,0,1.0
12-21-2022,63686,4994,0,63686,7.84,0,1.0001413383168176
12-22-2022,63686,4994,0,63686,7.84,0,1.0
12-23-2022,63686,4994,0,63686,7.84,0,1.0
12-24-2022,63686,4994,0,63686,7.84,0,1.0
12-25-2022,63686,4994,0,63686,7.84,0,1.0
12-26-2022,63686,4994,0,63686,7.84,0,1.0
12-27-2022,63686,4994,0,63686,7.84,0,1.0
12-28-2022,63686,4994,0,63686,7.84,0,1.0
12-29-2022,63686,4994,0,63686,7.84,0,1.0
12-30-2022,63686,4994,0,63686,7.84,0,1.0
12-31-2022,63686,4994,0,63686,7.84,0,1.0
01-01-2023,63686,4994,0,63686,7.84,0,1.0
01-02-2023,63686,4994,0,63686,7.84,0,1.0
01-03-2023,63686,4994,0,63686,7.84,0,1.0
01-04-2023,63686,4994,0,63686,7.84,0,1.0
01-05-2023,63702,4995,0,63702,7.84,0,1.0002512326099928
01-06-2023,63702,4995,0,63702,7.84,0,1.0
01-07-2023,63702,4995,0,63702,7.84,0,1.0
01-08-2023,63702,4995,0,63702,7.84,0,1.0
01-09-2023,63702,4995,0,63702,7.84,0,1.0
01-10-2023,63702,4995,0,63702,7.84,0,1.0
01-11-2023,63702,4995,0,63702,7.84,0,1.0
01-12-2023,63702,4995,0,63702,7.84,0,1.0
01-13-2023,63702,4995,0,63702,7.84,0,1.0
01-14-2023,63702,4995,0,63702,7.84,0,1.0
01-15-2023,63702,4995,0,63702,7.84,0,1.0
01-16-2023,63717,4998,0,63717,7.84,0,1.0002354714137704
01-17-2023,63717,4998,0,63717,7.84,0,1.0
01-18-2023,63725,5001,0,63725,7.85,0,1.0001255551893529
01-19-2023,63725,5001,0,63725,7.85,0,1.0
01-20-2023,63725,5001,0,63725,7.85,0,1.0
01-21-2023,63725,5001,0,63725,7.85,0,1.0
01-22-2023,63725,5001,0,63725,7.85,0,1.0
01-23-2023,63729,5001,0,63729,7.85,0,1.000062769713613
01-24-2023,63729,5001,0,63729,7.85,0,1.0
01-25-2023,63729,5001,0,63729,7.85,0,1.0
01-26-2023,63729,5001,0,63729,7.85,0,1.0
01-27-2023,63729,5001,0,63729,7.85,0,1.0
01-28-2023,63736,5001,0,63736,7.85,0,1.0001098401041912
01-29-2023,63736,5001,0,63736,7.85,0,1.0
01-30-2023,63742,5001,0,63742,7.85,0,1.0000941383205724
01-31-2023,63742,5001,0,63742,7.85,0,1.0
02-01-2023,63754,5008,0,63754,7.86,0,1.0001882589187663
02-02-2023,63754,5008,0,63754,7.86,0,1.0
02-03-2023,63754,5008,0,63754,7.86,0,1.0
02-04-2023,63754,5008,0,63754,7.86,0,1.0
02-05-2023,63754,5008,0,63754,7.86,0,1.0
02-06-2023,63759,5008,0,63759,7.85,0,1.0000784264516736
02-07-2023,63759,5008,0,63759,7.85,0,1.0
02-08-2023,63759,5008,0,63759,7.85,0,1.0
02-09-2023,63759,5008,0,63759,7.85,0,1.0
02-10-2023,63759,5008,0,63759,7.85,0,1.0
02-11-2023,63759,5008,0,63759,7.85,0,1.0
02-12-2023,63759,5008,0,63759,7.85,0,1.0
02-13-2023,63775,5011,0,63775,7.86,0,1.0002509449646324
02-14-2023,63775,5011,0,63775,7.86,0,1.0
02-15-2023,63775,5011,0,63775,7.86,0,1.0
02-16-2023,63775,5011,0,63775,7.86,0,1.0
02-17-2023,63775,5011,0,63775,7.86,0,1.0
02-18-2023,63775,5011,0,63775,7.86,0,1.0
02-19-2023,63775,5011,0,63775,7.86,0,1.0
02-20-2023,63775,5011,0,63775,7.86,0,1.0
02-21-2023,63775,5011,0,63775,7.86,0,1.0
02-22-2023,63787,5011,0,63787,7.86,0,1.000188161505292
02-23-2023,63787,5011,0,63787,7.86,0,1.0
02-24-2023,63787,5011,0,63787,7.86,0,1.0
02-25-2023,63787,5011,0,63787,7.86,0,1.0
02-26-2023,63787,5011,0,63787,7.86,0,1.0
02-27-2023,63787,5011,0,63787,7.86,0,1.0
02-28-2023,63787,5011,0,63787,7.86,0,1.0
03-01-2023,63809,5013,0,63809,7.86,0,1.000344897863201
03-02-2023,63809,5013,0,63809,7.86,0,1.0
03-03-2023,63809,5013,0,63809,7.86,0,1.0
03-04-2023,63809,5013,0,63809,7.86,0,1.0
03-05-2023,63809,5013,0,63809,7.86,0,1.0
03-06-2023,63809,5013,0,63809,7.86,0,1.0
03-07-2023,63809,5013,0,63809,7.86,0,1.0
03-08-2023,63829,5017,0,63829,7.86,0,1.0003134354087981
03-09-2023,63829,5017,0,63829,7.86,0,1.0
